Iteration, Minimum cost
100000, 54
200000, 52
300000, 51
400000, 51
500000, 51
600000, 51
700000, 51
800000, 51
900000, 51
1000000, 51
1100000, 51
1200000, 50
1300000, 50
1400000, 50
1500000, 50
1600000, 50
1700000, 50
1800000, 50
1900000, 50
2000000, 50
2100000, 50
2200000, 50
2300000, 50
2400000, 50
2500000, 49
2600000, 49
2700000, 49
2800000, 49
2900000, 49
3000000, 49
3100000, 49
3200000, 49
3300000, 49
3400000, 49
3500000, 49
3600000, 49
3700000, 48
3800000, 48
3900000, 47
4000000, 46
4100000, 46
4200000, 46
4300000, 46
4400000, 46
4500000, 46
4600000, 46
4700000, 46
4800000, 46
4900000, 46
5000000, 46
5100000, 46
5200000, 46
5300000, 46
5400000, 46
5500000, 46
5600000, 46
5700000, 46
5800000, 46
5900000, 46
6000000, 46
6100000, 46
6200000, 46
6300000, 46
6400000, 46
6500000, 46
6600000, 46
6700000, 46
6800000, 46
6900000, 46
7000000, 46
7100000, 46
7200000, 46
7300000, 46
7400000, 46
7500000, 46
7600000, 46
7700000, 46
7800000, 46
7900000, 46
8000000, 46
8100000, 46
8200000, 46
8300000, 46
8400000, 46
8500000, 46
8600000, 46
8700000, 46
8800000, 46
8900000, 46
9000000, 46
9100000, 46
9200000, 46
9300000, 46
9400000, 46
9500000, 46
9600000, 46
9700000, 46
9800000, 46
9900000, 46
10000000, 46
10100000, 46
10200000, 46
10300000, 46
10400000, 46
10500000, 46
10600000, 46
10700000, 46
10800000, 46
10900000, 46
11000000, 46
11100000, 46
11200000, 46
11300000, 46
11400000, 46
11500000, 46
11600000, 46
11700000, 46
11800000, 46
11900000, 46
12000000, 46
12100000, 46
12200000, 46
12300000, 46
12400000, 46
12500000, 46
12600000, 46
12700000, 46
12800000, 46
12900000, 46
13000000, 46
13100000, 46
13200000, 46
13300000, 46
13400000, 46
13500000, 46
13600000, 46
13700000, 46
13800000, 46
13900000, 46
14000000, 46
14100000, 46
14200000, 46
14300000, 46
14400000, 46
14500000, 46
14600000, 46
14700000, 46
14800000, 46
14900000, 46
15000000, 46
15100000, 46
15200000, 46
15300000, 46
15400000, 46
15500000, 46
15600000, 46
15700000, 46
15800000, 46
15900000, 46
16000000, 46
16100000, 46
16200000, 46
16300000, 46
16400000, 46
16500000, 46
16600000, 46
16700000, 46
16800000, 43
16900000, 43
17000000, 43
17100000, 43
17200000, 43
17300000, 43
17400000, 43
17500000, 43
17600000, 43
17700000, 43
17800000, 43
17900000, 43
18000000, 43
18100000, 43
18200000, 43
18300000, 43
18400000, 43
18500000, 43
18600000, 43
18700000, 43
18800000, 43
18900000, 43
19000000, 43
19100000, 43
19200000, 43
19300000, 43
19400000, 43
19500000, 43
19600000, 43
19700000, 43
19800000, 43
19900000, 43
20000000, 43
20100000, 43
20200000, 43
20300000, 43
20400000, 43
20500000, 43
20600000, 43
20700000, 43
20800000, 43
20900000, 43
21000000, 43
21100000, 43
21200000, 43
21300000, 43
21400000, 43
21500000, 43
21600000, 42
21700000, 42
21800000, 42
21900000, 42
22000000, 42
22100000, 42
22200000, 42
22300000, 42
22400000, 42
22500000, 42
22600000, 42
22700000, 42
22800000, 42
22900000, 42
23000000, 42
23100000, 42
23200000, 42
23300000, 42
23400000, 42
23500000, 42
23600000, 42
23700000, 42
23800000, 42
23900000, 42
24000000, 42
24100000, 42
24200000, 42
24300000, 42
24400000, 42
24500000, 42
24600000, 42
24700000, 42
24800000, 42
24900000, 42
25000000, 42
25100000, 42
25200000, 42
25300000, 42
25400000, 42
25500000, 42
25600000, 42
25700000, 42
25800000, 42
25900000, 42
26000000, 42
26100000, 42
26200000, 42
26300000, 42
26400000, 42
26500000, 42
26600000, 42
26700000, 42
26800000, 42
26900000, 42
27000000, 42
27100000, 42
27200000, 42
27300000, 42
27400000, 42
27500000, 42
27600000, 42
27700000, 42
27800000, 42
27900000, 42
28000000, 42
28100000, 42
28200000, 42
28300000, 42
28400000, 42
28500000, 42
28600000, 42
28700000, 42
28800000, 42
28900000, 42
29000000, 42
29100000, 42
29200000, 41
29300000, 41
29400000, 41
29500000, 41
29600000, 41
29700000, 41
29800000, 41
29900000, 41
30000000, 41
30100000, 41
30200000, 41
30300000, 41
30400000, 41
30500000, 41
30600000, 41
30700000, 41
30800000, 41
30900000, 41
31000000, 41
31100000, 41
31200000, 41
31300000, 41
31400000, 41
31500000, 41
31600000, 41
31700000, 41
31800000, 41
31900000, 41
32000000, 41
32100000, 41
32200000, 41
32300000, 41
32400000, 41
32500000, 41
32600000, 41
32700000, 41
32800000, 41
32900000, 41
33000000, 41
33100000, 41
33200000, 41
33300000, 41
33400000, 41
33500000, 41
33600000, 41
33700000, 41
33800000, 41
33900000, 41
34000000, 41
34100000, 41
34200000, 41
34300000, 41
34400000, 41
34500000, 41
34600000, 41
34700000, 41
34800000, 41
34900000, 41
35000000, 41
35100000, 41
35200000, 41
35300000, 41
35400000, 41
35500000, 41
35600000, 41
35700000, 41
35800000, 41
35900000, 41
36000000, 41
36100000, 41
36200000, 41
36300000, 41
36400000, 41
36500000, 41
36600000, 41
36700000, 41
36800000, 41
36900000, 41
37000000, 41
37100000, 41
37200000, 41
37300000, 41
37400000, 41
37500000, 41
37600000, 41
37700000, 41
37800000, 41
37900000, 41
38000000, 41
38100000, 41
38200000, 41
38300000, 41
38400000, 41
38500000, 41
38600000, 41
38700000, 41
38800000, 41
38900000, 41
39000000, 41
39100000, 41
39200000, 41
39300000, 41
39400000, 41
39500000, 41
39600000, 41
39700000, 41
39800000, 41
39900000, 41
40000000, 41
40100000, 41
40200000, 41
40300000, 41
40400000, 41
40500000, 41
40600000, 41
40700000, 41
40800000, 41
40900000, 41
41000000, 41
41100000, 41
41200000, 41
41300000, 41
41400000, 41
41500000, 41
41600000, 41
41700000, 41
41800000, 41
41900000, 41
42000000, 41
42100000, 41
42200000, 41
42300000, 41
42400000, 41
42500000, 41
42600000, 41
42700000, 41
42800000, 41
# Register configuration:
Cost: 41
Allocation: -1 -1 2 -1 -1 -1 -1  0 2 -1 -1 -1 -1  0 2 -1 -1 -1 -1  0 2 -1  1 -1 -1  0 2  2  1 -1 -1  0 2  2  1  3 0  0 2  2  1  3 0  0 2  2  1  3 0 0 2 2 1 3 0 0 2 2 1 3 2 0 2 2 1 3 2 0 2 2 1 3 2 0 2 2 1 3 0 0 2 2 1 3 0 0 2 2 1 3 0 0 2 2 1 3 0 0 2 2 1 3 0 0 2 2 1 3 0 4 2 2 1 3 0 4 2 2 1 3 0 4 2 2 1 3 0 4 2 2 1 3 0 4 2 2 1 3 0 4 2 2 1 3 0 4 2 2 1 3 0 4 2 2 1 3 0 4 2 2 1 3 0 5 2 2 1 3 1 5 2 2 1 3 1 5 2 2 1 3 1 5 2 2 1 3 1 5 2 2 1 3 1 5 2 2 1 3 1 5 2 2 1 3 3 5 2 2 1 3 0 5 2 2 1 3 0 5 2 2 1 3 0 5 2 2 1 3 0 5 2 2 1 3 0 5 2 2 1 3 0 5 2 2 1 3 0 5 2 2 1 3 0 5 2 2 1 3 0 5 2 2 1 3 